vertices
0 530.4752 140.2485
1 221.1188 92.9822
2 390.1466 556.8571
3 363.3207 333.4124
4 548.1871 391.4637
5 138.5813 247.2305
6 5.3821 508.5918
7 378.6805 307.7486
8 391.6515 406.8328
9 170.2206 199.6753
10 217.0351 184.2128
11 83.4188 133.6266
12 595.2804 226.5575
13 109.0718 529.9251
14 88.3869 197.2992
15 552.1503 517.2087
16 524.0484 485.5145
17 575.8866 250.4102
18 485.6707 156.9664
19 541.4359 277.7923
20 119.1334 191.9319
21 335.7533 437.5665
22 171.2031 35.3020
23 256.8740 456.0682
24 257.1528 128.4205
25 263.8954 108.9940
26 255.7026 26.3802
27 34.8655 372.6434
28 150.6242 509.2286
29 166.9314 252.3794
30 123.0829 249.8249
31 503.5137 3.8179
32 500.7977 586.5830
33 322.9957 343.6028
34 315.3042 67.2112
35 291.6085 222.0877
36 449.1156 307.8986
37 282.6416 458.3957
38 593.9903 87.5835
39 57.6675 152.7145
40 196.1038 593.2849
41 113.5283 342.0627
42 306.3778 413.9674
43 408.3158 394.3870
44 351.9152 537.8385
45 377.2369 480.0224
46 48.6923 400.5777
47 104.2424 558.3177
48 168.4497 470.5576
49 282.8154 563.8296
arestas
4 12 7.9777
25 10 2.4275
7 41 6.0888
33 18 11.4758
7 47 9.4510
29 27 3.4641
21 12 10.6135
21 15 5.1127
0 1 2.1420
30 15 13.3859
5 36 4.3919
21 9 11.7003
42 31 3.8552
26 18 12.7098
34 41 11.8069
3 15 6.8037
44 43 10.8032
7 45 4.1541
7 7 11.1628
29 6 10.9768
45 8 0.7190
32 46 5.2102
37 30 13.9243
18 28 2.2127
17 2 12.9316
24 9 11.6149
22 24 11.4836
38 24 9.1729
3 29 9.6512
2 43 5.5623
47 29 11.3864
23 7 8.7721
12 22 10.7993
6 46 9.7347
7 3 3.0391
47 27 2.9670
30 47 3.9929
16 3 12.6257
45 29 1.8924
48 23 14.4297
27 45 5.5422
3 32 12.7245
29 19 0.7557
42 0 2.4942
29 14 14.0400
32 26 11.4600
34 6 5.8347
0 3 13.4912
18 10 9.7437
24 23 4.6051
38 4 6.0309
22 44 11.9181
28 0 6.9636
45 30 12.2995
15 19 11.1301
4 35 11.6478
11 0 4.9234
40 46 9.6243
33 41 14.4854
27 33 3.9074
48 34 8.4437
33 24 10.1395
41 14 13.8257
12 38 7.9816
28 24 6.6372
13 6 12.7502
8 5 4.2171
29 32 5.0121
36 37 14.0215
41 11 3.8640
32 36 12.5384
43 28 10.1793
26 24 2.4935
33 14 12.7154
14 26 0.7374
24 24 14.6395
32 25 6.1869
20 34 6.0015
8 45 1.7606
20 8 1.8802
45 3 4.8774
40 48 12.5152
36 41 8.6677
23 39 14.5896
15 2 8.9062
40 49 0.2710
0 45 8.3916
29 47 1.4973
3 45 0.3742
24 28 4.8779
44 6 2.2981
44 21 4.6705
30 46 10.0491
24 38 0.5688
25 15 4.3896
4 10 2.9290
6 22 8.5067
28 14 5.7730
1 37 0.8122
37 40 5.4291
28 49 9.5051
7 48 12.4336
17 11 12.9994
41 34 1.0963
42 0 9.8815
37 40 5.1340
2 13 10.7549
22 46 9.9003
47 46 10.3460
5 12 3.8458
37 40 7.1925
21 10 7.8198
7 11 2.7976
29 3 2.9018
12 40 6.8660
27 15 6.0179
34 42 8.2822
21 17 5.4694
31 47 13.7413
4 42 7.8663
39 48 14.0501
16 47 5.2198
36 24 11.8800
25 1 13.7034
12 42 11.5656
1 19 1.5463
3 0 8.8712
19 11 10.5094
16 4 5.3896
38 22 13.8762
48 15 9.8628
19 21 9.1909
12 46 12.7304
25 48 11.3601
41 8 5.0525
47 7 2.6885
24 45 6.9177
41 0 12.1145
42 11 9.6214
10 16 14.7634
20 48 6.6912
27 16 10.7064
29 2 7.9180
46 49 6.8450
32 7 14.8595
8 44 8.9565
11 23 7.7432
29 49 0.0875
24 20 12.6744
12 1 3.6610
17 22 7.2401
28 19 12.8957
45 44 8.9334
44 28 11.6997
5 14 0.1314
47 42 10.6174
9 25 7.0106
24 20 2.5718
45 44 4.2215
41 42 6.4836
32 38 9.2329
10 21 12.6760
39 4 11.4598
19 8 13.8567
38 7 1.8192
2 17 0.1023
41 10 2.3009
26 26 7.2957
27 36 11.1110
5 38 7.2392
25 4 4.0247
26 27 10.3103
48 14 11.8753
35 34 10.9817
17 27 7.3314
24 34 14.8579
9 25 2.9335
36 29 0.7617
19 8 11.2777
42 15 1.2158
13 15 0.4663
22 6 5.5567
41 44 11.5697
43 38 13.7375
19 17 9.0998
44 44 2.6724
5 46 14.5347
1 33 11.3687
47 20 5.4005
35 24 6.5023
24 45 13.9672
38 47 12.7379
13 48 7.2130
38 34 12.2016
37 3 10.0434
13 35 9.1579
39 41 3.9397
25 0 7.5393
31 13 3.6533
15 3 2.1466
8 33 3.4953
42 17 14.2734
3 49 14.0577
24 5 7.4850
2 37 4.8504
7 32 11.2278
2 44 10.1333
35 48 0.3637
1 3 14.7627
13 24 5.5674
4 41 3.7825
12 16 4.3536
12 24 12.7584
28 2 0.9983
21 34 0.5921
14 6 3.4140
24 40 8.8072
28 41 10.0184
5 47 8.9458
43 33 13.4195
28 41 3.1667
17 0 8.1141
3 11 3.5931
14 6 0.7762
29 45 12.6975
42 43 0.7864
49 30 10.9387
5 4 1.2066
0 12 13.5289
33 4 2.5653
13 38 1.9560
5 46 6.9113
1 24 0.3882
34 22 9.9524
47 41 1.0670
26 38 1.9390
43 3 2.8830
6 25 11.6291
28 23 9.6577
46 36 7.8764
13 11 10.7002
2 20 8.7222
29 40 2.5537
36 25 6.2852
46 46 14.6189
35 7 1.6388
5 12 14.1943
25 43 11.3077
46 2 9.8674
29 14 0.3597
3 37 4.1271
26 19 10.8413
41 36 8.0677
0 10 8.9505
42 20 8.5465
27 18 5.6934
16 19 7.3124
35 11 0.8599
36 46 3.3677
2 42 11.5811
25 8 10.2215
45 6 4.2422
20 20 2.3654
28 13 14.6748
36 21 10.5376
33 49 10.3668
21 44 2.4458
47 27 13.6227
9 8 3.6409
20 32 11.7494
35 10 11.0328
39 16 11.0405
0 44 5.7213
2 15 11.1177
20 1 14.9146
31 10 5.7962
21 15 14.9676
20 7 5.4882
8 38 5.9899
9 26 13.8409
41 32 7.8958
24 12 1.4083
21 42 3.9798
27 33 4.2868
17 41 13.4731
35 12 4.6969
27 17 6.4892
26 10 10.4010
10 33 14.4007
37 1 12.5313
4 24 12.9916
27 47 1.7139
6 37 14.1352
22 16 13.5057
9 19 3.4247
32 25 9.7201
15 11 5.6470
21 25 9.1949
32 15 4.7094
1 38 3.1263
10 27 4.5156
18 17 2.7910
4 33 2.3775
40 49 4.6243
5 47 6.4474
19 18 7.0984
29 0 2.6786
38 33 4.7643
24 38 2.0878
48 5 4.9354
13 28 9.9912
11 1 0.1931
27 42 2.9939
46 6 6.2505
45 12 2.4950
46 1 11.9733
17 34 11.5022
14 9 5.0027
48 7 6.5548
31 32 3.5037
43 5 14.4537
16 7 1.7137
8 13 9.6666
6 38 11.8460
0 5 6.3042
1 0 5.8006
27 22 0.2254
30 32 0.1575
26 42 3.1678
45 13 11.0074
38 22 7.0020
26 9 14.5056
7 4 2.0784
2 12 9.1545
38 9 9.3824
1 30 0.4040
33 7 10.0415
36 7 4.8670
24 19 10.9152
46 18 5.9518
44 12 2.9473
31 24 7.6108
27 28 0.3977
0 19 13.6214
16 43 9.3515
19 20 11.0222
4 33 11.2837
20 32 3.7421
38 14 5.9304
9 26 8.4780
19 24 5.8272
37 15 10.6103
41 39 13.1250
18 1 14.1709
28 8 6.7858
19 22 2.2274
0 17 14.2017
32 47 5.5136
43 18 7.2254
36 14 2.0869
19 17 14.4848
11 22 5.9680
38 20 2.9564
18 28 6.4344
40 45 7.5088
48 32 4.5112
36 20 3.4163
11 46 10.3766
20 24 7.6347
30 14 4.4484
34 11 8.3437
13 47 9.0457
43 38 4.5131
39 21 14.9213
5 12 14.9160
49 26 4.1299
22 48 7.1395
0 22 14.7674
4 18 4.0322
16 17 7.4234
38 22 1.0638
43 24 5.6589
23 39 11.4985
46 0 9.7484
26 6 5.5177
41 1 14.0179
21 17 4.6972
24 22 11.0003
39 18 5.7871
16 31 0.9259
20 45 11.0266
15 6 5.1420
1 25 5.9773
33 26 14.6023
19 25 10.7270
32 17 12.3545
18 14 10.8807
21 3 4.5183
23 11 4.1106
17 46 9.9477
14 19 2.6633
21 14 3.9928
41 14 11.6004
29 2 14.2153
15 6 4.6929
9 22 13.3258
43 39 11.4862
19 25 12.4020
26 23 3.1045
8 33 7.4052
27 26 12.9270
27 14 6.4598
39 20 6.5070
39 27 11.2723
20 29 6.7345
35 23 1.7102
16 6 12.5903
31 9 6.7831
5 29 6.3343
0 40 6.4507
46 22 8.4021
23 5 1.1558
16 21 8.4071
36 24 2.5605
6 16 13.2123
37 24 8.6895
22 1 10.0590
21 46 6.3460
6 15 10.7732
27 5 3.8305
17 22 10.4648
0 11 11.5213
15 12 13.7031
8 24 10.8593
1 26 0.9757
7 28 0.8071
47 44 10.7047
42 9 4.2359
17 7 0.0934
7 4 4.5237
16 36 5.5292
47 5 0.0462
19 5 12.6095
40 43 9.3201
24 5 10.3235
44 27 0.5722
4 31 5.3045
43 28 10.8643
18 33 3.5800
1 23 13.3328
1 10 13.2663
18 30 1.2642
23 18 12.3496
5 4 1.7722
30 14 14.4519
14 46 8.9349
0 28 7.7308
0 5 4.9259
4 3 9.8128
9 31 5.4186
37 24 13.9319
31 28 4.4156
2 32 6.4407
25 47 2.8663
35 42 4.8271
38 16 9.6909
32 47 12.5810
17 14 11.5800
35 48 7.4087
42 9 3.5800
14 36 0.0065
37 43 0.7797
39 21 10.1628
44 5 11.2155
8 40 11.7061
25 33 11.7977
35 26 5.6146
19 38 11.0594
3 43 3.7925
7 29 7.9731
18 39 9.6352
30 29 5.2930
16 32 13.9723
42 18 5.2434
14 32 0.4209
7 20 1.8028
5 34 9.1096
3 43 8.9709
40 26 0.7551
1 23 3.2111
13 23 14.1845
45 39 13.1078
33 7 2.9154
15 42 2.6163
32 27 3.1865
13 28 7.8663
29 30 3.8276
21 1 3.7611
30 39 9.3292
43 43 11.8992
13 45 8.5661
44 15 4.3837
27 47 13.8922
34 34 4.5557
15 26 4.0038
23 43 12.5792
6 27 7.2322
1 47 4.2365
48 27 0.9723
9 18 5.5681
24 23 13.5687
30 44 13.2730
22 2 9.5300
41 5 10.0786
7 24 12.9509
18 12 12.9024
24 1 12.5477
8 15 13.3896
37 37 9.1806
26 45 13.0301
30 15 6.0337
43 45 5.0389
28 46 3.4188
0 29 3.5583
32 5 12.1472
46 16 5.2863
37 9 0.2634
42 26 1.4827
38 37 3.8951
13 11 2.7148
16 9 6.7003
7 41 14.8485
26 48 5.6019
21 12 5.3616
0 45 2.5756
36 19 11.7642
27 36 6.7708
34 10 12.7557
30 5 6.7821
19 35 13.9742
32 33 4.1821
27 36 0.2809
37 23 6.8204
5 12 14.9025
2 1 6.7037
22 39 6.4524
19 34 6.6499
19 49 3.5703
15 24 5.2893
39 48 6.0816
34 31 9.5720
13 33 13.8461
37 41 11.6538
9 37 1.4740
42 14 13.4883
29 15 1.8296
38 8 8.0597
12 27 0.4242
32 20 4.0621
27 46 12.9905
15 5 5.5215
3 46 12.9682
42 27 0.8189
25 0 4.5958
48 12 2.1663
22 0 8.7879
3 11 12.9594
30 19 3.3808
17 24 2.9134
31 39 7.3746
2 1 9.2007
7 46 12.5532
43 21 6.7147
46 9 5.4059
9 11 14.9994
42 1 0.6691
10 29 2.2699
18 3 14.2394
1 12 1.4541
24 36 14.0584
39 28 5.1616
2 23 8.8964
15 33 4.3258
46 12 9.1870
25 38 12.5627
7 20 11.4658
21 5 10.6248
10 29 14.8549
8 19 13.5875
15 30 7.2884
21 33 4.4656
23 12 7.3461
1 22 13.7681
47 43 12.7315
43 29 3.6532
14 34 7.0738
27 41 7.1686
9 45 8.8019
38 22 3.6282
25 5 10.6610
17 41 0.0422
26 18 14.1545
32 22 11.8071
39 44 6.1521
47 29 0.4678
34 1 0.5220
8 22 11.0032
7 33 14.8771
25 17 9.2124
9 42 3.2620
13 26 13.7292
19 15 2.3392
0 40 1.5715
22 32 5.7525
10 10 10.4175
49 37 2.3351
5 20 3.8082
26 40 1.8384
26 24 2.7081
31 11 10.8933
9 11 12.4631
44 46 11.8029
35 7 0.0094
9 44 13.7595
4 27 13.8148
49 0 0.2514
3 46 2.7723
17 12 14.6534
10 46 2.0009
46 30 1.6916
20 5 14.9335
30 4 8.9566
49 22 6.9845
16 17 13.1546
2 38 7.3690
22 35 13.9283
43 49 13.1573
21 17 14.3013
17 46 8.2752
17 17 0.9039
2 25 4.0263
39 48 1.5890
16 48 10.2124
18 9 4.6270
48 17 1.5682
30 34 8.7409
22 41 11.1456
5 45 7.9619
34 31 1.8865
27 4 5.1555
15 31 13.9099
42 18 12.7993
35 13 1.6187
5 16 10.9366
33 11 13.3597
0 10 11.8918
32 8 2.5938
24 0 4.0649
21 13 11.2481
22 28 14.5645
38 0 12.6574
4 48 5.5504
36 0 1.2104
17 14 14.1197
11 47 10.6030
44 20 4.1705
43 31 11.7817
21 28 5.1629
34 8 14.4814
26 9 0.9254
39 15 11.0751
19 26 1.7564
0 21 14.5660
21 22 9.0006
10 49 12.3755
2 40 5.6010
49 29 6.9793
29 11 6.6387
21 36 1.5846
28 38 10.2174
27 46 0.7089
1 43 7.8932
17 24 4.1054
16 42 6.3486
25 25 13.2499
9 33 3.7446
14 0 3.7563
48 44 8.5419
24 26 13.6773
32 41 6.9332
38 16 8.2813
33 1 2.3206
35 37 8.3534
35 46 10.4369
25 28 6.9014
47 41 3.4809
47 36 7.9030
37 5 12.5008
29 33 1.2316
20 31 7.8810
36 6 4.5383
21 46 3.8890
23 2 11.4620
21 20 11.5522
20 38 14.1359
32 46 6.3433
45 31 11.3171
19 12 13.5552
6 13 9.4111
39 17 0.1163
39 0 11.0401
30 29 0.8762
38 18 3.8519
18 19 11.8021
24 43 13.1655
20 35 2.6765
12 9 9.7442
38 37 10.2882
5 1 4.3929
2 37 6.8530
4 33 10.0975
31 0 10.7332
42 48 11.5327
28 33 12.9402
36 44 12.7301
21 11 4.8723
12 22 2.2599
25 37 9.0724
12 4 11.4692
10 23 4.1160
3 11 0.4143
49 26 8.8353
17 30 11.3405
48 47 5.4584
11 12 5.5994
19 33 10.9332
37 34 10.8918
32 47 1.6296
11 44 4.4312
26 37 9.2965
45 3 2.1935
18 6 11.8337
25 48 4.9120
47 11 0.9382
40 21 2.4750
12 7 5.3245
28 41 11.7909
23 32 8.1755
5 30 5.3311
31 39 5.4625
11 19 11.8326
42 15 9.5609
41 29 7.7529
10 15 12.6903
22 38 12.5668
34 39 4.5844
1 7 14.7095
28 47 12.2289
9 45 14.1457
15 42 0.9999
19 42 12.1994
0 21 14.7030
40 40 0.8053
32 17 0.7765
7 28 14.7357
4 47 12.3336
47 9 10.8179
29 18 5.7660
18 20 0.0857
4 36 4.2281
15 30 2.1007
43 45 8.7572
12 5 6.3990
4 9 13.8364
48 36 6.4166
22 8 11.9834
10 41 5.8198
44 19 8.3609
46 36 8.1424
41 37 10.8723
45 21 1.1104
34 7 13.0949
39 2 5.8736
48 31 5.2237
3 36 10.1686
29 6 12.1715
20 48 7.3689
41 30 10.8288
46 16 7.1147
14 41 1.5583
47 0 13.7602
49 31 8.7600
7 37 9.4772
9 11 6.7458
4 48 10.6680
34 17 13.2791
19 47 8.9612
12 2 12.7647
34 42 7.0670
3 44 11.8841
28 3 9.4158
32 37 12.8443
19 9 14.5346
45 32 4.4189
19 38 7.5683
36 10 9.3450
8 9 5.6670
16 41 12.4546
45 36 8.2999
21 28 8.7876
3 46 0.3810
49 47 8.9283
30 29 1.6234
20 44 7.0554
36 44 12.5087
26 32 7.6352
2 43 13.5871
1 14 2.4122
4 5 1.1116
37 32 1.5152
3 34 4.7895
22 8 8.9377
35 10 0.5961
24 24 10.2746
49 26 9.5003
47 21 5.1761
23 1 2.5997
10 24 3.7228
9 23 9.1127
27 45 12.3880
48 42 0.8248
5 13 0.0556
18 41 7.2600
35 48 12.1583
1 5 0.8669
30 1 0.3054
12 45 12.6283
7 42 9.2597
8 39 5.8313
30 26 8.5111
31 38 8.4868
22 25 5.9129
47 28 0.7099
17 7 6.5777
45 2 7.2700
26 26 9.2929
26 17 11.1367
27 16 9.2785
25 36 5.6643
21 28 10.6392
10 0 6.9132
39 26 5.8586
4 44 3.1400
12 37 0.2077
32 5 1.9357
23 4 11.4879
17 31 8.3338
13 11 11.2102
48 10 0.9106
46 15 11.1705
28 37 11.1047
8 25 7.4035
39 3 12.7504
44 38 2.7803
2 33 9.0047
40 5 5.1058
32 29 1.5769
22 34 10.1088
16 49 0.2054
29 39 11.5143
48 49 7.7331
42 15 0.3207
3 7 0.6028
5 27 6.2004
2 17 13.9784
21 46 13.4412
6 3 5.5869
20 36 13.9313
30 22 8.4734
35 33 8.7893
25 47 0.8728
31 47 14.2379
5 26 9.3039
48 4 14.1289
18 33 9.5609
8 16 6.5751
38 32 12.4877
32 41 2.3906
17 14 10.4969
35 45 5.8711
44 3 13.2550
15 31 9.8828
16 47 2.4345
22 20 9.1873
36 40 8.7116
13 8 1.6152
20 25 12.4679
36 15 0.7874
10 19 6.9473
22 37 10.1042
42 18 14.7236
39 15 5.4217
15 35 11.4822
25 10 4.1402
0 12 11.3066
19 23 1.3677
46 40 6.2142
44 42 4.0785
30 12 8.9141
31 20 6.9029
1 18 9.2033
47 44 8.8981
41 5 0.6262
41 16 10.0822
6 1 11.7825
1 42 12.9530
40 2 8.5131
10 33 10.4623
3 35 13.3487
6 9 6.5591
6 7 14.2610
31 27 4.6063
21 7 2.7947
14 12 7.0034
22 5 10.5069
2 31 6.9053
31 38 2.3873
8 46 1.4247
31 47 6.1786
30 27 12.7053
39 19 5.1050
23 18 10.0287
1 4 2.9626
26 29 13.2781
4 46 0.8931
5 37 3.4602
9 22 14.0634
3 12 12.3913
17 16 1.2356
2 15 3.6509
31 46 12.9237
24 22 8.8092
5 30 1.4483
40 25 7.6035
21 11 4.4345
30 14 9.1851
20 14 2.2066
47 38 13.6394
48 29 3.2906
37 32 8.0271
11 35 13.6668
27 5 5.3047
27 14 11.0262
34 14 10.7913
7 48 3.1854
30 27 7.3175
1 22 13.8077
38 12 2.7900
13 40 8.2144
23 30 6.2962
30 44 7.0314
6 6 12.1149
5 10 0.3710
49 2 3.2738
49 5 13.8164
2 29 8.1178
6 0 4.0491
18 39 8.3454
49 46 0.5124
12 35 11.2779
27 3 5.9489
35 1 5.2108
18 22 6.0413
24 15 4.4002
17 9 0.6706
10 39 0.9509
49 48 4.6873
33 8 5.3874
24 46 10.7120
8 49 12.9453
17 12 10.1286
35 19 2.2485
18 25 8.3552
0 19 9.1948
38 41 11.3021
13 22 1.2004
9 12 5.4876
30 1 13.6654
40 46 12.4469
20 4 4.6191
44 49 13.0865
33 21 12.7475
17 12 11.8737
41 7 13.2984
42 21 4.3553
18 36 0.5523
5 26 12.2244
42 20 13.9150
24 34 13.8001
13 2 5.7753
